[ 1898.3303, 498.89905, 0.0 ]
[ 1898.3303, 498.89905, 0.0 ]
[ 1898.3303, 498.89905, 0.0 ]
[ 1898.3303, 498.89905, 0.0 ]
[ 1898.3303, 498.89905, 0.0 ]
[ 1898.3303, 498.89905, 0.0 ]
[ 1898.3303, 498.89905, 0.0 ]
[ 1898.3303, 498.89905, 0.0 ]
[ 1898.3303, 498.89905, 0.0 ]
[ 1898.3303, 498.89905, 0.0 ]
[ 1898.3303, 498.89905, 0.0 ]
[ 1898.3303, 498.89905, 0.0 ]
[ 1898.3303, 498.89905, 0.0 ]
[ 1898.3303, 498.89905, 0.0 ]
[ 1898.3303, 498.89905, 0.0 ]
[ 1898.3303, 498.89905, 0.0 ]
[ 1898.3303, 498.89905, 0.0 ]
[ 1898.3303, 498.89905, 0.0 ]
[ 1898.3303, 498.89905, 0.0 ]
[ 1898.3303, 498.89905, 0.0 ]
[ 1898.3303, 498.89905, 0.0 ]
[ 1898.3303, 498.89905, 0.0 ]
[ 1898.3303, 498.89905, 0.0 ]
[ 1898.3303, 498.89905, 0.0 ]
[ 1898.3303, 498.89905, 0.0 ]
[ 1898.3303, 498.89905, 0.0 ]
[ 1898.3303, 498.89905, 0.0 ]
[ 1898.3303, 498.89905, 0.0 ]
[ 1898.3303, 498.89905, 0.0 ]
[ 1898.3303, 498.89905, 0.0 ]
[ 1898.3303, 498.89905, 0.0 ]
[ 1898.3303, 498.89905, 0.0 ]
[ 1898.3303, 498.89905, 0.0 ]
[ 1898.3303, 498.89905, 0.0 ]
[ 1898.3303, 498.89905, 0.0 ]
[ 1898.3303, 498.89905, 0.0 ]
[ 1898.3303, 498.89905, 0.0 ]
[ 1898.3303, 498.89905, 0.0 ]
[ 1898.3303, 498.89905, 0.0 ]
[ 1898.3303, 498.89905, 0.0 ]
[ 1898.3303, 498.89905, 0.0 ]
[ 1898.3303, 498.89905, 0.0 ]
[ 1898.3303, 498.89905, 0.0 ]
[ 1898.3303, 498.89905, 0.0 ]
[ 1898.3303, 498.89905, 0.0 ]
[ 1898.3303, 498.89905, 0.0 ]
[ 1898.3303, 498.89905, 0.0 ]
[ 1898.3303, 498.89905, 0.0 ]
[ 1898.3303, 498.89905, 0.0 ]
[ 1898.3303, 498.89905, 0.0 ]
[ 1898.3303, 498.89905, 0.0 ]
[ 1898.3303, 498.89905, 0.0 ]
[ 1898.3303, 498.89905, 0.0 ]
[ 1898.3303, 498.89905, 0.0 ]
[ 1898.3303, 498.89905, 0.0 ]
[ 1898.3303, 498.89905, 0.0 ]
[ 1898.3303, 498.89905, 0.0 ]
[ 1898.3303, 498.89905, 0.0 ]
[ 1898.3303, 498.89905, 0.0 ]
[ 1898.3303, 498.89905, 0.0 ]
[ 1898.3303, 498.89905, 0.0 ]
[ 1898.3303, 498.89905, 0.0 ]
[ 1898.3303, 498.89905, 0.0 ]
[ 1898.3303, 498.89905, 0.0 ]
[ 1898.3303, 498.89905, 0.0 ]
[ 1898.3303, 498.89905, 0.0 ]
[ 1898.3303, 498.89905, 0.0 ]
[ 1898.3303, 498.89905, 0.0 ]
[ 1898.3303, 498.89905, 0.0 ]
[ 1898.3303, 498.89905, 0.0 ]
[ 1898.3303, 498.89905, 0.0 ]
[ 1898.3303, 498.89905, 0.0 ]
[ 1898.3303, 498.89905, 0.0 ]
[ 1898.3303, 498.89905, 0.0 ]
[ 1898.3303, 498.89905, 0.0 ]
[ 1898.3303, 498.89905, 0.0 ]
[ 1898.3303, 498.89905, 0.0 ]
[ 1898.3303, 498.89905, 0.0 ]
[ 1898.3303, 498.89905, 0.0 ]
[ 1898.3303, 498.89905, 0.0 ]
[ 1898.3303, 498.89905, 0.0 ]
[ 1898.3303, 498.89905, 0.0 ]
[ 1898.3303, 498.89905, 0.0 ]
[ 1898.3303, 498.89905, 0.0 ]
[ 1898.3303, 498.89905, 0.0 ]
[ 1898.3303, 498.89905, 0.0 ]
[ 1898.3303, 498.89905, 0.0 ]
[ 1898.3303, 498.89905, 0.0 ]
[ 1898.3303, 498.89905, 0.0 ]
[ 1898.3303, 498.89905, 0.0 ]
[ 1898.3303, 498.89905, 0.0 ]
[ 1898.3303, 498.89905, 0.0 ]
[ 1898.3303, 498.89905, 0.0 ]
[ 1898.3303, 498.89905, 0.0 ]
[ 1898.3303, 498.89905, 0.0 ]
[ 1898.3303, 498.89905, 0.0 ]
[ 1898.3303, 498.89905, 0.0 ]
[ 1898.3303, 498.89905, 0.0 ]
[ 1898.3303, 498.89905, 0.0 ]
[ 1898.3303, 498.89905, 0.0 ]
[ 1898.3303, 498.89905, 0.0 ]
[ 1898.3303, 498.89905, 0.0 ]
[ 1898.3303, 498.89905, 0.0 ]
[ 1898.3303, 498.89905, 0.0 ]
[ 1898.3303, 498.89905, 0.0 ]
[ 1898.3303, 498.89905, 0.0 ]
[ 1898.3303, 498.89905, 0.0 ]
[ 1898.3303, 498.89905, 0.0 ]
[ 1898.3303, 498.89905, 0.0 ]
[ 1898.3303, 498.89905, 0.0 ]
[ 1898.3303, 498.89905, 0.0 ]
[ 1898.3303, 498.89905, 0.0 ]
[ 1898.3303, 498.89905, 0.0 ]
[ 1898.3303, 498.89905, 0.0 ]
[ 1898.3303, 498.89905, 0.0 ]
[ 1898.3303, 498.89905, 0.0 ]
[ 1898.3303, 498.89905, 0.0 ]
[ 1898.3303, 498.89905, 0.0 ]
[ 1898.3303, 498.89905, 0.0 ]
[ 1898.3303, 498.89905, 0.0 ]
[ 1898.3303, 498.89905, 0.0 ]
[ 1898.3303, 498.89905, 0.0 ]
[ 1898.3303, 498.89905, 0.0 ]
[ 1898.3303, 498.89905, 0.0 ]
[ 1878.2306, 498.90155, 0.0 ]
[ 1856.2311, 498.90643, 0.0 ]
[ 1834.2316, 498.91132, 0.0 ]
[ 1812.232, 498.95895, 0.0 ]
[ 1790.2325, 499.0316, 0.0 ]
[ 1768.233, 499.10422, 0.0 ]
[ 1746.2335, 499.13574, 0.0 ]
[ 1724.234, 499.15894, 0.0 ]
[ 1702.2345, 499.17764, 0.0 ]
[ 1680.235, 499.18134, 0.0 ]
[ 1658.2355, 499.185, 0.0 ]
[ 1636.236, 499.18777, 0.0 ]
[ 1614.2365, 499.18472, 0.0 ]
[ 1592.2369, 499.18167, 0.0 ]
[ 1570.2374, 499.17862, 0.0 ]
[ 1548.2385, 499.21158, 0.0 ]
[ 1526.2415, 499.36414, 0.0 ]
[ 1504.2444, 499.51672, 0.0 ]
[ 1482.2484, 499.67828, 0.0 ]
[ 1460.2538, 499.85162, 0.0 ]
[ 1438.2592, 500.02496, 0.0 ]
[ 1416.267, 500.22778, 0.0 ]
[ 1394.2821, 500.52866, 0.0 ]
[ 1372.2972, 500.82956, 0.0 ]
[ 1350.324, 501.38464, 0.0 ]
[ 1328.4694, 503.80353, 0.0 ]
[ 1306.7423, 507.2448, 0.0 ]
[ 1285.0719, 511.03534, 0.0 ]
[ 1263.3387, 514.44684, 0.0 ]
[ 1241.5641, 517.5844, 0.0 ]
[ 1219.7681, 520.5712, 0.0 ]
[ 1197.9022, 522.8734, 0.0 ]
[ 1175.9194, 523.5834, 0.0 ]
[ 1153.92, 523.5765, 0.0 ]
[ 1131.9469, 524.1699, 0.0 ]
[ 1110.0531, 526.264, 0.0 ]
[ 1088.0847, 527.1744, 0.0 ]
[ 1066.0875, 526.99866, 0.0 ]
[ 1044.0961, 526.4143, 0.0 ]
[ 1022.1045, 526.6407, 0.0 ]
[ 1000.1292, 527.66235, 0.0 ]
[ 978.1709, 529.0078, 0.0 ]
[ 956.2544, 530.90656, 0.0 ]
[ 934.37134, 533.1683, 0.0 ]
[ 912.5311, 535.759, 0.0 ]
[ 890.91077, 539.79004, 0.0 ]
[ 869.44403, 544.6, 0.0 ]
[ 848.1363, 550.05, 0.0 ]
[ 827.0991, 556.48035, 0.0 ]
[ 806.1889, 563.318, 0.0 ]
[ 785.18964, 569.8665, 0.0 ]
[ 764.01184, 575.8227, 0.0 ]
[ 742.67804, 581.1088, 0.0 ]
[ 720.9047, 584.1619, 0.0 ]
[ 698.9925, 586.1034, 0.0 ]
[ 677.04315, 587.58777, 0.0 ]
[ 655.07886, 588.8398, 0.0 ]
[ 633.1094, 589.8662, 0.0 ]
[ 611.3533, 588.6156, 0.0 ]
[ 592.25964, 578.5438, 0.0 ]
[ 577.1713, 562.6816, 0.0 ]
[ 565.1121, 544.3896, 0.0 ]
[ 557.2477, 523.95087, 0.0 ]
