[ 0.0, 0.0, 0.0 ]
[ 0.0, 0.0, 0.0 ]
[ 0.0, 0.0, 0.0 ]
[ 0.0, 0.0, 0.0 ]
[ 0.0, 0.0, 0.0 ]
[ 0.0, 0.0, 0.0 ]
[ 0.0, 0.0, 0.0 ]
[ 0.0, 0.0, 0.0 ]
[ 0.0, 0.0, 0.0 ]
[ 0.0, 0.0, 0.0 ]
[ 0.0, 0.0, 0.0 ]
[ 0.0, 0.0, 0.0 ]
[ 0.0, 0.0, 0.0 ]
[ 0.0, 0.0, 0.0 ]
[ 0.0, 0.0, 0.0 ]
[ 0.0, 0.0, 0.0 ]
[ 0.0, 0.0, 0.0 ]
[ 0.0, 0.0, 0.0 ]
[ 0.0, 0.0, 0.0 ]
[ 0.0, 0.0, 0.0 ]
[ 0.0, 0.0, 0.0 ]
[ 0.0, 0.0, 0.0 ]
[ 0.0, 0.0, 0.0 ]
[ 0.0, 0.0, 0.0 ]
[ 0.0, 0.0, 0.0 ]
[ 0.0, 0.0, 0.0 ]
[ 0.0, 0.0, 0.0 ]
[ 0.0, 0.0, 0.0 ]
[ 0.0, 0.0, 0.0 ]
[ 0.0, 0.0, 0.0 ]
[ 0.0, 0.0, 0.0 ]
[ 0.0, 0.0, 0.0 ]
[ 0.0, 0.0, 0.0 ]
[ 0.0, 0.0, 0.0 ]
[ 0.0, 0.0, 0.0 ]
[ 0.0, 0.0, 0.0 ]
[ 0.0, 0.0, 0.0 ]
[ 0.0, 0.0, 0.0 ]
[ 0.0, 0.0, 0.0 ]
[ 0.0, 0.0, 0.0 ]
[ 0.0, 0.0, 0.0 ]
[ 0.0, 0.0, 0.0 ]
[ 0.0, 0.0, 0.0 ]
[ 0.0, 0.0, 0.0 ]
[ 0.0, 0.0, 0.0 ]
[ 0.0, 0.0, 0.0 ]
[ 0.0, 0.0, 0.0 ]
[ 0.0, 0.0, 0.0 ]
[ 0.0, 0.0, 0.0 ]
[ 0.0, 0.0, 0.0 ]
[ 0.0, 0.0, 0.0 ]
[ 0.0, 0.0, 0.0 ]
[ 0.0, 0.0, 0.0 ]
[ 0.0, 0.0, 0.0 ]
[ 0.0, 0.0, 0.0 ]
[ 0.0, 0.0, 0.0 ]
[ 0.0, 0.0, 0.0 ]
[ 0.0, 0.0, 0.0 ]
[ 0.0, 0.0, 0.0 ]
[ 0.0, 0.0, 0.0 ]
[ 0.0, 0.0, 0.0 ]
[ 0.0, 0.0, 0.0 ]
[ 0.0, 0.0, 0.0 ]
[ 0.0, 0.0, 0.0 ]
[ 0.0, 0.0, 0.0 ]
[ 0.0, 0.0, 0.0 ]
[ 0.0, 0.0, 0.0 ]
[ 0.0, 0.0, 0.0 ]
[ 0.0, 0.0, 0.0 ]
[ 0.0, 0.0, 0.0 ]
[ 0.0, 0.0, 0.0 ]
[ 0.0, 0.0, 0.0 ]
[ 0.0, 0.0, 0.0 ]
[ 0.0, 0.0, 0.0 ]
[ 0.0, 0.0, 0.0 ]
[ 0.0, 0.0, 0.0 ]
[ 0.0, 0.0, 0.0 ]
[ 0.0, 0.0, 0.0 ]
[ 0.0, 0.0, 0.0 ]
[ 0.0, 0.0, 0.0 ]
[ 0.0, 0.0, 0.0 ]
[ 0.0, 0.0, 0.0 ]
[ 0.0, 0.0, 0.0 ]
[ 0.0, 0.0, 0.0 ]
[ 0.0, 0.0, 0.0 ]
[ 0.0, 0.0, 0.0 ]
[ 0.0, 0.0, 0.0 ]
[ 0.0, 0.0, 0.0 ]
[ 0.0, 0.0, 0.0 ]
[ 0.0, 0.0, 0.0 ]
[ 0.0, 0.0, 0.0 ]
[ 0.0, 0.0, 0.0 ]
[ 0.0, 0.0, 0.0 ]
[ 0.0, 0.0, 0.0 ]
[ 0.0, 0.0, 0.0 ]
[ 0.0, 0.0, 0.0 ]
[ 0.0, 0.0, 0.0 ]
[ 0.0, 0.0, 0.0 ]
[ 0.0, 0.0, 0.0 ]
[ 0.0, 0.0, 0.0 ]
[ 0.0, 0.0, 0.0 ]
[ 0.0, 0.0, 0.0 ]
[ 0.0, 0.0, 0.0 ]
[ 0.0, 0.0, 0.0 ]
[ 0.0, 0.0, 0.0 ]
[ 0.0, 0.0, 0.0 ]
[ 0.0, 0.0, 0.0 ]
[ 0.0, 0.0, 0.0 ]
[ 0.0, 0.0, 0.0 ]
[ 0.0, 0.0, 0.0 ]
[ 0.0, 0.0, 0.0 ]
[ 0.0, 0.0, 0.0 ]
[ 0.0, 0.0, 0.0 ]
[ 0.0, 0.0, 0.0 ]
[ 0.0, 0.0, 0.0 ]
[ 0.0, 0.0, 0.0 ]
[ 0.0, 0.0, 0.0 ]
[ 0.0, 0.0, 0.0 ]
[ 0.0, 0.0, 0.0 ]
[ 0.0, 0.0, 0.0 ]
[ 0.0, 0.0, 0.0 ]
[ 0.0, 0.0, 0.0 ]
[ 0.0, 0.0, 0.0 ]
[ 0.0, 0.0, 0.0 ]
[ -0.09999981, 1.9577563E-4, 0.0 ]
[ -0.09999981, 1.9577563E-4, 0.0 ]
[ -0.09999981, 1.9577563E-4, 0.0 ]
[ -0.09995352, 0.0030486805, 0.0 ]
[ -0.09995352, 0.0030486805, 0.0 ]
[ -0.09995352, 0.0030486805, 0.0 ]
[ -0.0999954, 9.602797E-4, 0.0 ]
[ -0.0999954, 9.602797E-4, 0.0 ]
[ -0.09999987, 1.6240022E-4, 0.0 ]
[ -0.09999987, 1.6240022E-4, 0.0 ]
[ -0.09999987, 1.6240022E-4, 0.0 ]
[ -0.09999992, -1.2799556E-4, 0.0 ]
[ -0.09999992, -1.2799556E-4, 0.0 ]
[ -0.09999992, -1.2799556E-4, 0.0 ]
[ -0.09999992, -1.2799556E-4, 0.0 ]
[ -0.09979555, 0.00639135, 0.0 ]
[ -0.09979555, 0.00639135, 0.0 ]
[ -0.09979555, 0.00639135, 0.0 ]
[ -0.0997364, 0.007256079, 0.0 ]
[ -0.0997364, 0.007256079, 0.0 ]
[ -0.0997364, 0.007256079, 0.0 ]
[ -0.09920465, 0.012587215, 0.0 ]
[ -0.09920465, 0.012587215, 0.0 ]
[ -0.09920465, 0.012587215, 0.0 ]
[ -0.09826593, 0.018542072, 0.0 ]
[ -0.09826593, 0.018542072, 0.0 ]
[ -0.09826593, 0.018542072, 0.0 ]
[ -0.0990874, 0.013479163, 0.0 ]
[ -0.0990874, 0.013479163, 0.0 ]
[ -0.0990874, 0.013479163, 0.0 ]
[ -0.0993404, 0.011466696, 0.0 ]
[ -0.09997842, -0.0020774826, 0.0 ]
[ -0.09997842, -0.0020774826, 0.0 ]
[ -0.09997842, -0.0020774826, 0.0 ]
[ -0.09893882, 0.014529588, 0.0 ]
[ -0.09992388, -0.0039011617, 0.0 ]
[ -0.09992388, -0.0039011617, 0.0 ]
[ -0.09992388, -0.0039011617, 0.0 ]
[ -0.099760994, 0.0069098114, 0.0 ]
[ -0.099760994, 0.0069098114, 0.0 ]
[ -0.099760994, 0.0069098114, 0.0 ]
[ -0.09935786, 0.011314467, 0.0 ]
[ -0.09935786, 0.011314467, 0.0 ]
[ -0.09935786, 0.011314467, 0.0 ]
[ -0.097060256, 0.024068812, 0.0 ]
[ -0.097060256, 0.024068812, 0.0 ]
[ -0.097060256, 0.024068812, 0.0 ]
[ -0.094661705, 0.03223606, 0.0 ]
[ -0.094661705, 0.03223606, 0.0 ]
[ -0.094661705, 0.03223606, 0.0 ]
[ -0.09673386, 0.025348807, 0.0 ]
[ -0.09673386, 0.025348807, 0.0 ]
[ -0.09984117, 0.005633925, 0.0 ]
[ -0.09984117, 0.005633925, 0.0 ]
[ -0.09984117, 0.005633925, 0.0 ]
[ -0.09987446, 0.0050090686, 0.0 ]
[ -0.09987446, 0.0050090686, 0.0 ]
[ -0.099437885, -0.010588171, 0.0 ]
[ -0.06024274, -0.07981738, 0.0 ]
[ -0.0503187, -0.08641776, 0.0 ]
[ -0.050561506, -0.08627593, 0.0 ]
[ -0.026897484, -0.09631472, 0.0 ]
[ -0.008868668, -0.09960596, 0.0 ]
